Item_Name,Food energy,Protein,Total lipid (fat),Carbohydrate by diff.,Total saturated fat,Ttl monounsaturated fat,Ttl polyunsaturated fat,Cholesterol,Sodium,Total dietary fiber,Vitamin A Re,Vitamin A IU,Alpha Tocopherol,Ascorbic acid,Thiamin, Riboflavin,Niacin,Vitamin B6,Folacin,Vitamin B12,Potassium,Calcium,Phosphorus,Magnesium,Iron,Zinc,Pantothenic acid,Copper,Manganese,Ash,Water,Food energy(kJ),Caprylic Acid (8:0),Capric acid (10:0),Lauric acid (12:0),Myristic acid (14:0),Palmitic acid (16:0),Palmitoleic acid(16:1),Stearic acid  (18:0),Oleic acid (18:1),Linoleic acid (18:2/n6),Linolenic acid(18:3/n3),Gadoleic acid (20:1),Docosenoic acid (22:1),Phytosterols,Histidine,Isoleucine,Leucine,Lysine,Methionine,Cystine,Methionine+Cystine,Phenylalanine,Tyrosine,Phenylalanine+Tyrosine,Threonine,Tryptophan,Valine,Arginine,Alanine,Aspartic acid,Glutamic acid,Glycine,Proline , Serine
measure unit None Selected,KCal:,Gms:,Gms:,Gms:,Gms:,Gms:,Gms:,Mg :,Mg :,Gms:,Re:,IU:,Mg :,Mg :,Mg :,Mg :,Mg :,Mg :,Mcg:,Mcg:,Mg :,Mg :,Mg :,Mg :,Mg :,Mg :,Mg :,Mg :,Mg :,Gms:,Gms:,KJ :1,Gms:,Gms:,Gms:,Gms:,Gms:,Gms:,Gms:,Gms:,Gms:,Gms:,Gms:,Gms:,Mg :,Gms:,Gms:,Gms:,Gms:,Gms:,Gms:,Gms:,Gms:,Gms:,Gms:,Gms:,Gms:,Gms:,Gms:,Gms:,Gms:,Gms:,Gms:,Gms:,Gms:
Amaranth 1C=195gm,374,14.45,6.51,66.17,1.662,1.433,2.891,0,21.00,15.2,0,0,,4.20,0.080,0.208,1.286,0.223,49.0,0.000,366.0,153.0,455.0,266.00,7.59,3.18,1.047,0.777,2.260,3.04,9.84,1565.000,,,,0.011,1.284,,0.220,	1.433, 	2.834, 	0.057 ,,,			24, 	0.389,	0.582,	0.879,	0.747,	0.226,	0.191,	0.417,	0.542,	0.329,	0.871,	0.558,	0.181,	0.679,	1.060,	0.799,	1.261, 	2.259,	1.636, 	0.698,	1.148 										
Apples  Dehydrated,243,0.93,0.32,65.89,0.052,0.013,0.093,0,87,8.7,0,0,,3.9,0,0.159,0.927,0.125,0,0,450,14,38,16,1.4,0.2,0.245,0.191,0.09,1.1,31.76,1017,,,0.001,0.001,0.043,0.001,0.007,0.012,0.077,0.016,,,,0.015,0.037,0.057,0.058,0.009,0.012,0.021,0.026,0.017,0.043,0.033,0.009,0.043,0.029,0.033,0.162,0.097,0.037,,0.038
Apples  Raw,243,0.93,0.32,65.89,0.052,0.013,0.093,0,87,8.7,0,0,,3.9,0,0.159,0.927,0.125,0,0,450,14,38,16,1.4,0.2,0.245,0.191,0.09,1.1,31.76,1017,,,0.001,0.001,0.043,0.001,0.007,0.012,0.077,0.016,,,,0.015,0.037,0.057,0.058,0.009,0.012,0.021,0.026,0.017,0.043,0.033,0.009,0.043,0.029,0.033,0.162,0.097,0.037,,0.038,0.038
Apricots    Canned in light syrup   ,63 ,0.53,0.05,16.49,0.003,0.021,0.01,0,4,1.3,132,1322,,2.7,0.016,0.02,0.304,0.054,1.7,0,138,11,13,8,0.39,0.11,0.092,0.079,0.052,0.37,82.56,265,,,,,0.003,,,0.021,0.01,,,,,0.009,0.016,0.031,0.037,0.003,0.002,0.005,0.022,0.012,0.034,0.019,0.009,0.019,0.021,0.026,0.122,0.054,0.016,,0.031,
Asparagus   Canned Regular Pack ,14 ,1.8,0.19,2.25,0.044,0.006,0.085,0,348,1.7,47,474,,16.4,0.054,0.089,0.851,0.098,85.3,0,153,14,38,9,0.58,0.47,0.124,0.107,0.152,1.13,94.63,59,,,0.001,0.001,0.039,0.001,0.003,0.005,0.08,0.004,,,,0.028,0.066,0.078,0.085,0.017,0.021,0.038,0.043,0.029,0.072,0.05,0.018,0.069,0.084,0.085,0.209,0.295,0.058,,0.069,
Baking  Powder,53,,,27.7,,,,,10600,,,,,,,,,,,,20,5876,2191,27,11.02,0.01,,0.01,0.011,67.3,5,221,,,,,,,,,,,,,,,,,,,,,,,,,,,,,,,,,
Baking  Soda,,,,,,,,27360,,,,,,,,,,,,,,,,,,,,,36.9,0.2,,,,,,,,,,,,,,,,,,,,,,,,,,,,,,,,,,,
Banana  Dehydrated  ,346 ,3.89,1.81,88.28,0.698,0.153,0.337,0,3,7.5,31,305,,7,0.18,0.24,2.8,,,0,1491,22,74,108,1.15,0.61,,0.391,0.574,3.02,3,1448,0.001,0.005,0.006,0.013,0.473,0.045,0.023,0.102,0.211,0.126,,,,0.333,0.167,0.359,0.162,0.074,0.063,0.137,0.201,0.121,0.322,0.171,,0.282,0.176,0.222,0.503,0.399,0.19,,0.226,
Banana  Raw ,92 ,1.03,0.48,23.43,0.185,0.041,0.089,0,1,2.4,8,81,0.27,9.1,0.045,0.1,0.54,0.578,19.1,0,396,6,20,29,0.31,0.16,0.26,0.104,0.152,0.8,74.26,384,,0.001,0.002,0.003,0.125,0.012,0.006,0.027,0.056,0.033,16,,,0.081,0.033,0.071,0.048,0.011,0.017,0.028,0.038,0.024,0.062,0.034,0.012,0.047,0.047,0.039,0.113,0.111,0.037,,0.047,
Barley  1C=184gm    ,354 ,12.48,2.3,73.48,0.482,0.295,1.108,0,12,17.3,2,22,0.57,0,0.646,0.285,4.604,0.318,19,0,452,33,264,133,3.6,2.77,0.282,0.498,1.943,2.29,9.44,1481,,,0.006,0.011,0.411,0.006,0.017,0.241,0.999,0.11,,,,0.281,0.456,0.848,0.465,0.24,0.276,0.516,0.7,0.358,1.058,0.424,0.208,0.612,0.625,0.486,0.779,3.261,0.452,1.484,0.527,
Barley  Pearled 1C=200gm,352,9.91,1.16,77.72,0.244,0.149,0.56,0,9,15.6,2,22,0.02,0,0.191,0.114,4.604,0.26,23,0,280,29,221,79,2.5,2.13,0.282,0.42,1.322,1.11,10.09,1473,,,0.003,0.006,0.208,0.003,0.008,0.122,0.505,0.055,,,,0.223,0.362,0.673,0.369,0.19,0.219,0.409,0.556,0.284,0.84,0.337,0.165,0.486,0.496,0.386,0.619,2.588,0.359,,0.418
Beans   Adzuki 1C=197gm ,329 ,19.87,0.53,62.9,0.191,,,0,5,12.7,2,17,,0,0.455,0.22,2.63,0.351,621.9,0,1254,66,381,127,4.98,5.04,1.471,1.094,1.73,3.26,13.44,1378,,,,,,,,0.05,0.113,,,,76,0.524,0.791,1.668,1.497,0.21,0.184,0.394,1.052,0.591,1.643,0.674,0.191,1.023,1.284,1.16,2.355,3.099,0.756,0.874,0.976,
Beans   Black Turtle 1C=194gm,339,21.25,0.9,63.25,0.232,0.078,0.387,0,9,24.9,2,17,,0,0.9,0.193,1.955,0.286,444.3,0,1500,160,440,160,8.7,2.2,0.899,1,1,3.6,11,1417,,,,0.001,0.218,,0.014,0.078,0.211,0.176,,,,0.592,0.938,1.697,1.459,0.32,0.231,0.551,1.149,0.598,1.747,0.894,0.252,1.112,1.316,0.891,2.57,3.24,0.83,0.901,1.156
Beans   Blackeye Peas 1C=167gm,336,23.52,1.26,60.03,0.331,0.106,0.542,0,16,10.6,5,50,,1.5,0.853,0.226,2.075,0.357,632.6,0,1112,110,424,184,8.27,3.37,1.496,0.845,1.528,3.24,11.95,1408,,,0.001,0.003,0.254,0.004,0.053,0.088,0.343,0.199,0.001,0.012,,0.73,0.956,1.802,1.591,0.335,0.26,0.595,1.373,0.76,2.133,0.895,0.29,1.121,1.629,1.072,2.84,4.454,0.971,1.057,1.178
Beans   Garbanzo,364,19.3,6.04,60.66,0.626,1.358,2.694,0,24,17.4,7,67,,4,0.477,0.212,1.541,0.535,556.6,0,875,105,366,115,6.24,3.43,1.588,0.847,2.204,2.48,11.53,1525,,,,0.009,0.501,0.012,0.085,1.346,2.593,0.101,,,35,0.531,0.828,1.374,1.291,0.253,0.259,0.512,1.034,0.479,1.513,0.716,0.185,0.809,1.819,0.828,2.27,3.375,0.803,0.797,0.973
Beans   Great Northern 1C=183gm,339,21.86,1.14,62.37,0.36,0.05,0.48,0,14,,0,3,,5.3,0.65,0.24,1.96,0.45,1482,0,387,175,447,189,5.47,2.31,1.1,0.84,1.42,3.93,10.7,1419,,,,,0.34,,0.02,0.05,0.26,0.21,,,,0.61,0.97,1.75,1.5,0.33,0.24,0.57,1.18,0.62,1.8,0.92,0.26,1.14,1.35,0.92,2.64,3.33,0.85,0.93,1.19
Beans   Snap Green Var. Unprep. 1/2 C=62gm,33,1.8,0.21,7.57,0.047,0.008,0.108,0,3,2.8,48,480,,12.9,0.099,0.092,0.499,0.042,14.7,0,186,42,32,22,0.86,0.26,0.085,0.049,0.385,0.53,0.89,139,,,,0,0.039,,0.007,0.008,0.041,0.066,,,127,0.34,0.066,0.111,0.087,0.022,0.018,0.04,0.066,0.042,0.108,0.079,0.019,0.089,0.073,0.083,0.235,0.186,0.065,,0.099
Beans   Green Dehydrated Estimated,257.4,14.04,1.64,59.05,0.37,0.06,0.84,0,23.4,21.8,374.4,3744,,100.62,0.77,0.72,3.89,0.33,114.7,0,1450.8,327.6,249.6,171.6,6.71,2.03,0.66,0.38,3,4.13,10,1084.2,,,,,0.3,,0.05,0.06,0.32,0.51,,,990.6,2.65,0.51,0.87,0.68,0.17,0.14,0.31,0.51,0.33,0.84,0.62,0.15,0.69,0.57,0.65,1.83,1.45,0.51,0,0.77
Beans   Kidney 1C=184gm,333,23.58,0.83,60.01,0.12,0.064,0.457,0,24,24.9,1,8,,4.5,0.529,0.219,2.06,0.397,394.1,0,1406,143,407,140,8.2,2.79,0.78,0.958,1.021,3.83,11.75,1393,,,,,0.106,,0.014,0.064,0.178,0.279,,,127,0.656,1.041,1.882,1.618,0.355,0.256,0.611,1.275,0.664,1.939,0.992,0.279,1.233,1.46,0.988,2.852,3.595,0.92,1,1.282
Beans   Lentils 1C=192gm,338,28.06,0.96,57.09,0.135,0.163,0.447,0,10,30.5,4,39,,6.2,0.475,0.245,2.621,0.535,432.8,0,905,51,454,107,9.02,3.61,1.849,0.852,1.429,2.7,11.19,1413,,,,0.003,0.116,0.002,0.014,0.157,0.351,0.096,0.004,,,0.79,1.212,2.034,1.957,0.238,0.368,0.606,1.383,0.75,2.133,1.006,0.251,1.392,2.168,1.172,3.102,4.35,1.14,1.172,1.293
Beans   Lima 1C=178gm,338,28.06,0.96,57.09,0.135,0.163,0.447,0,10,30.5,4,39,,6.2,0.475,0.245,2.621,0.535,432.8,0,905,51,454,107,9.02,3.61,1.849,0.852,1.429,2.7,11.19,1413,,,,0.003,0.116,0.002,0.014,0.157,0.351,0.096,0.004,,,0.79,1.212,2.034,1.957,0.238,0.368,0.606,1.383,0.75,2.133,1.006,0.251,1.392,2.168,1.172,3.102,4.35,1.14,1.172,1.293
Beans   Mung 1C=207gm,347,23.86,1.15,62.62,0.348,0.161,0.384,0,15,16.3,11,114,,4.8,0.621,0.233,2.251,0.382,624.9,0,1246,132,367,189,6.74,2.68,1.91,0.941,1.035,3.32,9.05,1453,,,,,0.25,,0.071,0.161,0.357,0.027,,,23,0.695,1.008,1.847,1.664,0.286,0.21,0.496,1.443,0.714,2.157,0.782,0.26,1.237,1.672,1.05,2.756,4.264,0.954,1.095,1.176
Beans   Navy 1C=208gm,335,22.33,1.28,60.65,0.331,0.111,0.552,0,14,24.4,0,4,0.34,3,0.645,0.232,2.063,0.437,369.7,0,1140,155,443,173,6.44,2.54,0.68,0.879,1.309,3.37,12.36,1402,,,,0.001,0.31,,0.02,0.111,0.301,0.252,,,,0.622,0.986,1.783,1.533,0.336,0.243,0.579,1.208,0.629,1.837,0.94,0.264,1.168,1.383,0.936,2.701,3.405,0.872,0.947,1.215
Beans   Pink 1C=210gm,343,20.96,1.13,64.19,0.292,0.098,0.487,0,8,12.7,0,0,,0,0.772,0.192,1.892,0.527,463.2,0,1464,130,415,182,6.77,2.55,0.997,0.81,1.376,3.66,10.06,1437,,,,0.001,0.274,,0.018,0.098,0.265,0.222,,,,0.583,0.925,1.673,1.438,0.315,0.228,0.543,1.133,0.59,1.723,0.882,0.248,1.096,1.298,0.878,2.535,3.195,0.818,0.889,1.14
Beans   Pinto 1C=193gm,340,20.88,1.13,63.41,0.235,0.229,0.407,0,10,24.4,1,5,,7.3,0.555,0.238,1.446,0.443,506.3,0,1328,121,418,159,5.88,2.54,0.763,0.774,1.13,3.63,10.95,1422,,,,0.001,0.229,,0.005,0.229,0.17,0.237,,,,0.581,0.922,1.667,1.433,0.314,0.227,0.541,1.129,0.588,1.717,0.879,0.247,1.093,1.293,0.875,2.526,3.184,0.815,0.885,1.136
Beans   Soy 1C=186gm,416,36.49,19.94,30.16,2.884,4.404,11.255,0,2,9.3,2,24,0.85,6,0.874,0.87,1.623,0.377,375.1,0,1797,277,704,280,15.7,4.89,0.793,1.658,2.517,4.87,8.54,1742,,,,0.055,2.116,0.055,0.712,4.348,9.925,1.33,,,161,0.984,1.77,2.972,2.429,0.492,0.588,1.08,1.905,1.38,3.285,1.585,0.53,1.821,2.831,1.719,4.589,7.068,1.687,2.135,2.115
Bee Corned 1oz=28gm,250,27.1,14.93,0,6.18,5.96,0.63,86,1006,0,0,0,,1.5,0.02,0.147,2.43,0.13,9,1.62,136,12,111,14,2.08,3.57,0.626,0.064,0.014,2.9,57.72,1047,0,0.1,0.07,0.42,3.04,0.8,2.29,5,0.42,0.21,0,0,0,0.863,1.17,1.99,2.076,0.629,0.347,0.976,0.975,0.884,1.859,1.023,0.247,1.192,1.673,1.951,2.653,4.413,2.263,,1.092
Bee Lean Cooked,292,29.6,18.35,0,7.21,8.03,0.68,99,71,0,0,0,,0,0.07,0.24,5.46,0.26,12,2.26,286,12,164,21,2.66,6.51,0.34,0.092,0.018,1.1,51.3,1221,0,0.02,0.02,0.52,4.15,0.69,2.16,7.02,0.51,0.08,0.01,0,0,1.014,1.331,2.34,2.463,0.758,0.332,1.09,1.156,0.995,2.151,1.293,0.332,1.44,1.871,1.785,2.704,4.447,1.615,,1.132
Beets   Cooked Drained,31,0.91,0.14,7.2,0.023,0.028,0.051,0,274,1.8,1,11,,4.1,0.01,0.04,0.157,0.057,30.2,0,148,15,17,17,1.82,0.21,0.156,0.059,0.287,0.78,90.96,131,,,,,0.022,,0.001,0.028,0.046,0.004,,,,0.012,0.027,0.039,0.033,0.01,0.011,0.021,0.026,0.022,0.048,0.027,0.011,0.032,0.024,0.034,0.066,0.242,0.018,,0.033
Bouillon    Pdr Dry ,238,15.97,8.89,23.65,4.32,3.616,0.332,10,16982,0,5,50,,0,0.07,0.243,4.467,0.2,32,1,446,60,320,51,1,0,0.3,0,0.459,48.22,3.27,998,,,0.08,0.332,2.22,,1.688,3.215,0.281,0.05,0.03,0,,0.053,0.116,0.139,0.15,0.036,0.021,0.057,0.09,0.067,0.157,0.097,0.031,0.136,0.155,0.125,0.227,0.401,0.101,,0.106
Broccoli    Boiled Drained,28,2.98,0.35,5.06,0.054,0.024,0.167,0,26,2.9,139,1388,,74.6,0.055,0.113,0.574,0.143,50,0,292,46,59,24,0.84,0.38,0.508,0.043,0.218,0.92,90.69,118,,,,,0.047,,0.007,0.024,0.038,0.129,,,,0.053,0.116,0.139,0.15,0.036,0.021,0.057,0.09,0.067,0.157,0.097,0.031,0.136,0.155,0.125,0.227,0.401,0.101,,0.106
Brussels    Sprouts Boiled Drained,39,2.55,0.51,8.67,0.105,0.039,0.26,0,21,4.3,72,719,,62,0.107,0.08,0.607,0.178,60,0,317,36,56,20,1.2,0.33,0.252,0.083,0.227,0.95,87.32,162,0.003,0,0,0.001,0.09,0.004,0.005,0.033,0.077,0.168,,,,0.057,0.1,0.114,0.116,0.024,0.016,0.04,0.074,,0.074,0.091,0.028,0.117,0.153,,,,,,0
Buckwheat   Flour 1C=120gm,335,12.62,3.1,70.59,0.677,0.949,0.949,0,11,10,0,0,,0,0.417,0.19,6.15,0.582,54,0,577,41,337,251,4.06,3.12,0.44,0.515,2.03,2.54,11.15,1404,0.032,0.016,0.009,0.023,0.411,0.021,0.043,0.902,0.877,0.071,0.011,,,0.294,0.474,0.792,0.64,0.164,0.218,0.382,0.495,0.23,0.725,0.482,0.183,0.646,0.935,0.712,1.078,1.948,0.981,,0.652
Buckwheat   1C=170gm,343,13.25,3.4,71.5,0.741,1.04,1.039,0,1,10,0,0,,0,0.101,0.425,7.02,0.21,30,0,460,18,347,231,2.2,2.4,1.233,1.1,1.3,2.1,9.75,1437,0.035,0.018,0.01,0.025,0.45,0.023,0.047,0.988,0.961,0.078,,0.012,,0.309,0.498,0.832,0.672,0.172,0.229,0.401,0.52,0.241,0.761,0.506,0.192,0.678,0.982,0.748,1.133,2.046,1.031,0.507,0.685
Butter  With Salt 1T=14gm 1C=214gm,717,0.9,81.1,0.1,50.5,23.4,3,219,826,0,754,3058,1.6,0,0.005,0.034,0.042,0.003,3,0.125,26,24,23,2,0.16,0.05,0.11,,,2.1,15.9,2999.9,0.9,2,2.3,8.2,21.3,1.8,9.8,20.4,1.8,1.2,0,0,0,0.023,0.051,0.083,0.067,0.021,0.008,0.029,0.041,0.041,0.082,0.038,0.012,0.057,0.031,0.029,0.064,0.178,0.018,,0
Cabbage Boiled Drained 1C shredded 150gm,22,1.02,0.43,4.46,0.053,0.03,0.196,0,8,2.8,13,132,,20.1,0.057,0.055,0.282,0.113,20,0,97,31,15,8,0.17,0.09,0.139,0.012,0.117,0.49,93.6,92,0,0,0.001,0.002,0.047,0,0.002,0.03,0.085,0.11,,,,0.02,0.051,0.052,0.047,0.01,0.008,0.018,0.032,0.017,0.049,0.035,0.01,0.043,0.057,0.035,0.099,0.224,0.022,,0.059
Carrots Boiled Drained 1C=156gm,45,1.09,0.18,10.48,0.034,0.009,0.088,0,66,3.3,2455,24554,,2.3,0.034,0.056,0.506,0.246,13.9,0,227,31,30,13,0.62,0.3,0.304,0.134,0.752,0.87,87.38,188,,,0.002,0.001,0.026,0.002,0.001,0.006,0.076,0.011,,,,0.017,0.043,0.046,0.043,0.007,0.009,0.016,0.034,0.021,0.055,0.04,0.012,0.046,0.045,0.062,0.144,0.213,0.031,,0.037
Carrots dehydrated Estimated,346.5,8.39,1.39,80.7,0.262,0.069,0.678,0,508.2,25.4,18903.5,189065.8,,17.71,0.262,0.431,3.896,1.894,107,0,1747.9,238.7,231,100.1,4.77,2.31,2.341,1.032,5.79,6.7,672.83,1447.6,,,0.015,0.008,0.2,0.015,0.008,0.046,0.585,0.085,,,,0.131,0.331,0.354,0.331,0.054,0.069,0.123,0.262,0.162,0.424,0.308,0.092,0.354,0.347,0.477,1.109,1.64,0.239,,0.285
Cauliflower Boiled Drained,23,1.84,0.45,4.11,0.07,0.032,0.217,0,15,2.7,2,17,,44.3,0.042,0.052,0.41,0.173,44,0,142,16,32,9,0.33,0.18,0.508,0.027,0.138,0.6,93,96,,,,,0.062,,0.008,0.032,0.05,0.167,,,,0.037,0.07,0.107,0.099,0.026,0.021,0.047,0.066,0.04,0.106,0.067,0.024,0.092,0.089,0.097,0.216,0.245,0.059,,0.096
Celery  Raw,16,0.75,0.14,3.65,0.037,0.027,0.069,0,87,1.7,13,134,,7,0.046,0.045,0.323,0.087,28,0,287,40,25,11,0.4,0.13,0.186,0.034,0.102,0.82,94.64,67,,,,0.001,0.032,0.001,0.003,0.026,0.069,,,,6,0.013,0.023,0.035,0.029,0.006,0.004,0.01,0.022,0.01,0.032,0.022,0.01,0.03,0.022,0.025,0.128,0.098,0.023,,0.022
Cheese  Cheddar,402.577,24.9,33.14,1.28,21.092,9.391,0.942,104.9,620.5,0,303,1059,,0,0.027,0.375,0.08,0.074,18.2,0.827,98.4,721.3,512.1,27.78,0.68,3.11,0.413,0.031,0.01,3.93,36.75,1684.783,0.279,0.6,0.541,3.33,9.803,1.004,4.007,7.905,0.577,0.365,,,,0.874,1.546,2.385,2.072,0.652,0.125,0.777,1.311,1.202,2.513,0.886,0.32,1.663,0.941,0.703,1.6,6.092,0.429,,1.456
Cheese  Cottage 1C not packed 145gm,84.594,17.27,0.42,1.85,0.273,0.11,0.015,6.7,12.8,0,8,30,,0,0.025,0.142,0.155,0.082,14.8,0.825,32.4,31.7,104,3.94,0.23,0.47,0.163,0.028,0.003,0.69,79.77,354.027,0.005,0.009,0.006,0.042,0.131,0.012,0.045,0.093,0.011,0.004,,,,0.574,1.015,1.776,1.397,0.52,0.16,0.68,0.931,0.92,1.851,0.766,0.192,1.069,0.788,0.896,1.169,3.741,0.376,,0.969
Cheese  Powder Walton's,393,14,14,57,7,7,,43,3443,7,,,,,0.214,0.76,,,,,,1140,,,,,,,,,,393,,,,,,,7,7,,,,,,,,,,,,,,,,,,,,,,,,,
Chicken Roasted,234,26.78,13.27,0.06,3.7,5.17,2.9,107,79,0,189,636,,0.5,0.063,0.224,7.908,0.38,29,0.94,212,15,182,23,1.66,2.16,1.128,0.08,0.031,0.9,60.11,980,,0,0.02,0.1,2.7,0.71,0.77,4.26,2.5,0.11,0.13,0,,0.773,1.33,1.955,2.158,0.707,0.358,1.065,1.05,0.86,1.91,1.111,0.298,1.306,1.69,1.552,2.395,3.917,1.745,,0.961
Coconut Meat Raw,354,3.33,33.49,15.23,29.698,1.425,0.366,0,20,9,0,0,,3.3,0.066,0.02,0.54,0.054,26.4,0,356,14,113,32,2.43,1.1,0.3,0.435,1.5,0.97,46.99,1480,2.346,1.864,14.858,5.866,2.839,,1.734,1.425,0.366,,,,47,0.077,0.131,0.247,0.147,0.062,0.066,0.128,0.169,0.103,0.272,0.121,0.039,0.202,0.546,0.17,0.325,0.761,0.158,,0.172
Corn Flour  Whole Grain Yellow/Yellow,361,6.93,3.86,76.85,0.543,1.018,1.759,0,5,13.4,47,469,,0,0.246,0.08,1.9,0.37,25,0,315,7,272,93,2.38,1.73,0.658,0.23,0.46,1.45,10.91,1511,,,,,0.463,0.003,0.061,1.015,1.706,0.053,,,,0.211,0.248,0.85,0.195,0.145,0.125,0.27,0.34,0.282,0.622,0.261,0.049,0.351,0.345,0.518,0.482,1.3,0.284,,0.329
Corn Flour  Whole Grain Yellow/Yellow,361,6.93,3.86,76.85,0.543,1.018,1.759,0,5,13.4,47,469,,0,0.246,0.08,1.9,0.37,25,0,315,7,272,93,2.38,1.73,0.658,0.23,0.46,1.45,10.91,1511,,,,,0.463,0.003,0.061,1.015,1.706,0.053,,,,0.211,0.248,0.85,0.195,0.145,0.125,0.27,0.34,0.282,0.622,0.261,0.049,0.351,0.345,0.518,0.482,1.3,0.284,,0.329
Corn    Dry 1C=105gm,357,7.46,2.08,79.26,0.29,0.543,0.924,0,3,11,17,170,,0,0.231,0.087,2.43,0.206,25,0,294,4,253,119,0.93,1.79,0.484,0.202,0.483,1.2,10,1495,,,0,0,0.247,0.001,0.033,0.541,0.896,0.028,,,,0.228,0.267,0.915,0.21,0.156,0.134,0.29,0.366,0.303,0.669,0.28,0.053,0.378,0.372,0.558,0.519,1.4,0.306,0.651,0.354
Corn    Sweet Canned Drained 1C=164gm,81,2.62,1,18.59,0.154,0.292,0.471,0,323,2,16,156,,8.5,0.033,0.078,1.197,0.047,48.6,0,195,5,65,20,0.86,0.39,0.666,0.058,0.173,0.87,76.92,339,,,,,0.144,,0.01,0.292,0.457,0.014,,,,0.072,0.105,0.284,0.112,0.055,0.021,0.076,0.122,0.1,0.222,0.105,0.018,0.151,0.107,0.24,0.199,0.518,0.103,,0.125
Corn    Yellow Dry 1C=105gm,365,9.42,4.74,74.26,0.667,1.251,2.163,0,35,47,47,469,,0,0.385,0.201,3.627,0.622,19,0,287,7,210,127,2.71,2.21,0.424,0.314,0.485,1.2,10.37,1527,,,,,0.569,0.004,0.075,1.247,2.097,0.065,,,,0.287,0.337,1.155,0.265,0.197,0.17,0.367,0.463,0.383,0.846,0.354,0.067,0.477,0.47,0.705,0.655,1.768,0.386,,0.447
Cornmeal    Self Rising Bolted Plain Enriched,334,8.28,3.4,70.28,0.478,0.897,1.55,0,1247,,47,469,,0,0.661,0.4,5.291,0.54,57,0,255,361,804,86,5.76,2,0.425,0.15,0.498,5.45,12.59,1399,,,,,0.408,0.003,0.054,0.894,1.503,0.047,,,,0.253,0.296,1.015,0.233,0.174,0.149,0.323,0.407,0.337,0.744,0.311,0.058,0.419,0.413,0.62,0.576,1.554,0.339,,0.393
Cornmeal    Whole Grain 1C=122gm,362,8.12,3.59,76.89,0.505,0.948,1.638,0,35,7.3,47,469,,0,0.385,0.201,3.632,0.304,25.4,0,287,6,241,127,3.45,1.82,0.425,0.193,0.498,1.13,10.26,1516,,,,,0.431,0.003,0.057,0.945,1.589,0.049,,,,0.248,0.291,0.996,0.228,0.17,0.146,0.316,0.399,0.33,0.729,0.305,0.057,0.411,0.405,0.608,0.565,1.525,0.333,,0.386
Cucumber    Raw,13,0.69,0.13,2.76,0.034,0.003,0.053,0,2,0.8,21,215,,5.3,0.024,0.022,0.221,0.042,13,0,144,14,20,11,0.26,0.2,0.178,0.033,0.076,0.41,96.01,53,,,0,0.001,0.028,0,0.003,0.003,0.022,0.03,,,14,0.01,0.021,0.029,0.029,0.006,0.004,0.01,0.019,0.011,0.03,0.019,0.005,0.022,0.044,0.024,0.041,0.196,0.024,,0.02
Fruit   Punch Drink Powder ,382,0,0.1,97.7,0.057,0.007,0.011,0,42,,1,5,,121.9,0.004,0.023,0.014,0,0.7,0,5,142,206,1,0.5,0.11,0.001,0.13,0.025,0.8,1.4,1598,0.005,0.004,0.027,0.01,0.009,0,0.002,0.007,0.011,0,,,,,,,,,,,,,,,,,,,,,,,
Egg Whites Dried 1T=6.7gm 1C=107gm,376.074,82.4,0.04,4.47,0,0,0,0,1238.4,0,0,0,,0,0.037,2.316,0.723,0.024,95.7,0.528,1115.7,89.4,89.4,71.84,0.24,0.16,1.958,0.17,0.05,4.55,8.54,1573.87,0,0,0,0,0,0,0,0,0,0,0,0,,1.872,5.023,7.172,5.076,3.204,2.044,5.248,5.181,3.309,8.49,3.665,1.266,6.17,4.812,5.313,7.291,11.496,3.085,,6.078
Egg Whole Raw 1 Lrg Egg=50gm,149,12.49,10.02,1.22,3.1,3.809,1.364,425,126,0,191,635,,0,0.06,0.51,0.07,0.14,47,1,121,49,178,10,1.44,1.1,1.26,0.014,0.02,0.94,75.33,625,0.003,0.003,0.003,0.034,2.226,0.298,0.784,3.473,1.148,0.033,0.028,0.003,,0.296,0.682,1.067,0.897,0.39,0.29,0.68,0.664,0.51,1.174,0.6,0.152,0.761,0.749,0.696,1.255,1.633,0.42,,0.929
Eggs    Dry 1T=6.7gm 1C=107gm,594.498,45.83,41.81,4.77,12.555,16.709,5.434,1918.3,521.3,0,586,1950,,0,0.31,1.17,0.25,0.4,183.8,10,489.7,211.5,678.9,46.33,7.88,5.43,6.38,0.27,0.15,3.45,4.14,2487.974,0,0,0,0.115,9.231,1.392,3.21,15.318,4.643,0.118,,,,1.107,2.867,4.026,3.094,1.481,1.093,2.574,2.588,1.907,4.495,2.251,0.733,3.3,2.933,2.676,4.546,5.837,1.525,1.819,3.483
Fat Beef Tallow 1T=12.5gm 1C=205gm,902,0,100,0,49.8,41.8,4,109,0.01,0,0,0,2.7,0,0,0,0,0,0,0,0,0,0,0,0,0,0,,,0,0,3774,0,0,0.9,3.7,24.9,4.2,18.9,36,3.1,0.6,0.3,0,0,0,0,0,0,0,0,,0,0,0,0,0,0,0,0,0,0,,0,
Fat Canola Oil 1T-12.8gm 1C=205gm,902,0,100,0,9,54,37,,0,0,0,0,,0,0,0,0,0,0,0,0,0,0,,0,,0,,0,0,0,3774,,,,,0,,7,54,30,7,,,0,0,0,0,0,0,0,0,0,0,0,0,0,0,0,0,0,0,,0,
Fat Corn Oil 1T=12.8gm 1C=205gm,902,0,100,0,17,24,59,,0,0,0,0,,0,0,0,0,0,0,0,0,0,0,,0,,0,,0,0,0,3774,,,,,0,,17,24,59,0,,,0,0,0,0,0,0,0,0,0,0,0,0,0,0,0,0,0,0,,0,
Fat Mutton Tallow 1T=12.5gm 1C=205gm,902,0,100,0,47.3,40.6,7.8,102,0,0,0,0,2.8,0,0,0,0,0,0,0,0,0,0,0,0,0,0,,,0,0,3774,0,0,0,3.8,21.5,2.3,19.5,37.6,5.5,2.3,0,0,0,0,0,0,0,0,0,,0,0,0,0,0,0,0,0,0,0,,0,
Fat Olive Oil 1T=12.8gm 1C=205gm,902,0,100,0,16,76,8,,0,0,0,0,,0,0,0,0,0,0,0,0,0,0,,0,,0,,0,0,0,3774,,,,,0,,16,76,8,0,,,0,0,0,0,0,0,0,0,0,0,0,0,0,0,0,0,0,0,,0,
Fat Peanut Oil 1T=12.8gm 1C=205gm,902,0,100,0,24,47,29,,0,0,0,0,,0,0,0,0,0,0,0,0,0,0,,0,,0,,0,0,0,3774,,,,,0,,18,47,29,0,,,0,0,0,0,0,0,0,0,0,0,0,0,0,0,0,0,0,0,,0,
Fat Pork Lard 1T=12.8gm 1C=205gm,902,0,100,0,39.2,45.1,11.2,95,0.01,0,0,0,1.2,0,0,0,0,0,0,0,0,0.1,0,0.02,0,0.11,0,,0,0,0,3774,0,0.1,0.2,1.3,23.8,2.7,13.5,41.2,10.2,1,1,0,0,0,0,0,0,0,0,,0,0,0,0,0,0,0,0,0,0,,0,
Fat Soybean Oil 1T=12.8gm 1C=205gm,902,0,100,0,17,26,57,,0,0,0,0,,0,0,0,0,0,0,0,0,0,0,,0,,0,,0,0,0,3774,,,,,9,,6,26,50,7,,,0,0,0,0,0,0,0,0,0,0,0,0,0,0,0,0,0,0,,0,
Fat Sunflower Oil 1T=12.8gm 1C=205gm,902,0,100,0,12,23,65,,0,0,0,0,,0,0,0,0,0,0,0,0,0,0,,0,,0,,0,0,0,3774,,,,,0,,12,23,65,0,,,0,0,0,0,0,0,0,0,0,0,0,0,0,0,0,0,0,0,,0,
Fish    Halibut Raw,110,20.81,2.29,0,0.325,0.652,0.835,32,54,0,47,155,,0,0.06,0.075,5.848,0.344,12,1.184,450,47,222,83,0.84,0.42,0.329,0.027,0.015,1.36,77.92,458,,,,0.056,0.212,0.163,0.049,0.361,0.03,0.065,0.124,0.102,,0.613,0.959,1.692,1.911,0.616,0.223,0.839,0.813,0.703,1.516,0.912,0.233,1.072,1.245,1.259,2.131,3.107,0.999,,0.849
Fish    Mackerel Raw,205,18.6,13.89,0,3.257,4.058,4.761,70,90,0,50,165,,0.4,0.176,0.312,9.08,0.399,1.3,8.711,314,12,217,76,1.63,0.63,0.856,0.073,0.015,1.35,63.55,857,,0.017,,0.674,2.125,0.727,0.423,2.283,0.219,0.159,1.039,1.407,,0.548,0.857,1.512,1.708,0.551,0.199,0.75,0.726,0.628,1.354,0.815,0.208,0.958,1.113,1.125,1.905,2.777,0.893,,0.759
Fish    Salmon Canned,139,19.78,6.05,0,1.535,1.807,2.049,55,554,0,17,55,,0,0.023,0.186,6.536,0.3,15.4,4.4,326,213,329,34,0.84,0.92,0.55,0.102,0.02,2.6,68.81,582,,La,,0.048,1.35,0.466,0.135,1.068,0.058,0.058,0.272,0.018,,0.582,0.912,1.608,1.817,0.586,0.212,0.798,0.772,0.668,1.44,0.867,0.222,1.019,1.184,1.196,2.026,2.953,0.95,,0.807
Flax    1C=about 176gm,419,26,35,,1.4,8.5,25.6,,0.05,14,,,,,,,,,,,740,210,700,38,0.77,0.57,,,,,9,,,,,,,1.8,1.4,6.7,4.9,20.7,,,,,,,,,,,,,,,,,,,,,,,
Flour   All Purpose Enriched Bleached 1C=125gm,364,10.33,0.98,76.31,0.155,0.087,0.413,0,2,2.7,0,0,0.03,0,0.785,0.494,5.904,0.044,26,0,107,15,108,22,4.64,0.7,0.438,0.144,0.682,0.47,11.92,1525,,,,,0.148,,0.007,0.087,0.391,0.022,,,,0.23,0.357,0.71,0.228,0.183,0.219,0.402,0.52,0.312,0.832,0.281,0.127,0.415,0.417,0.332,0.435,3.479,0.371,,0.516
Flour   Wheat Whole Grain 1C=120gm,339,13.7,1.87,72.57,0.322,0.232,0.779,0,5,12.2,0,0,,0,0.447,0.215,6.365,0.341,44,0,405,34,346,138,3.88,2.93,1.008,0.382,1,1.6,10.27,1420,0.018,,0,0.003,0.271,,0.015,0.219,0.738,0.038,,,,0.317,0.508,0.926,0.378,0.212,0.317,0.529,0.646,0.4,1.046,0.395,0.212,0.618,0.642,0.487,0.703,4.325,0.552,,0.646
Flour   White All Purpose Self Rising Enriched,354,9.89,0.97,74.22,0.154,0.086,0.41,0,1270,3.3,0,0,0.03,0,0.674,0.414,5.832,0.05,42,0,124,338,595,19,4.67,0.62,0.438,0.112,,4.33,10.59,1482,,,,,0.147,,0.007,0.388,0.022,,,,,0.22,0.342,0.68,0.219,0.175,0.21,0.385,0.498,0.298,0.796,0.269,0.121,0.397,0.399,0.317,0.416,3.33,0.356,,0.494
Flour   White All Purpose Unenriched 1C=125gm,364,10.33,0.98,76.31,0.155,0.087,0.413,0,2,2.7,,,,0,0.12,0.04,1.25,0.044,26,0,107,15,108,22,1.17,0.7,0.438,0.144,0.682,0.47,11.92,1525,,,,,0.148,,0.007,0.087,0.391,0.022,,,,0.23,0.357,0.71,0.228,0.183,0.219,0.402,0.52,0.312,0.832,0.281,0.127,0.415,0.417,0.332,0.435,3.479,0.371,,0.516
Flour   White Cake Enriched 1C=125gm,362,8.2,0.86,78.03,0.127,0.073,0.379,0,2,1.7,0,0,0.04,0,0.892,0.43,6.79,0.033,19,0,105,14,85,16,7.32,0.62,0.458,0.139,0.634,0.39,12.51,1515,,,,0.001,0.114,,0.005,0.07,0.357,0.022,,,,0.167,0.311,0.558,0.285,0.138,0.178,0.316,0.388,0.234,0.622,0.227,0.118,0.36,0.314,0.247,0.342,2.71,0.278,,0.432
Flour   White Bread Enriched1C=125gm,361,11.98,1.66,72.53,0.244,0.14,0.727,0,2,2.4,0,0,,0,0.812,0.512,7.554,0.037,29,0,100,15,97,25,4.41,0.85,0.438,0.182,0.792,0.47,13.36,1512,,,,0.001,0.218,,0.01,0.135,0.685,0.043,,,,0.254,0.444,0.828,0.231,0.21,0.269,0.479,0.591,0.328,0.919,0.32,0.139,0.502,0.416,0.366,0.484,4.198,0.41,,0.58
Grapefruit  Raw,32,0.63,0.1,8.08,0.014,0.013,0.024,0,0,1.1,12,124,0.25,34.4,0.036,0.02,0.25,0.042,10.2,0,139,12,8,8,0.09,0.07,0.283,0.047,0.012,0.31,90.89,134,,,,,0.012,0.001,0.001,0.012,0.019,0.005,,,,,,,0.016,0.002,,0.002,,,,,0.002,,,,,,,,
Grapes  Canned Water Pack,40,0.5,0.11,10.3,0.035,0.004,0.031,0,6,1,7,66,,1,0.031,0.023,0.13,0.065,2.6,0,107,10,18,6,0.98,0.05,0.041,0.056,0.039,0.25,88.84,166,,,,0.001,0.03,,0.004,0.004,0.024,0.007,,,,0.018,0.004,0.01,0.011,0.017,0.008,0.025,0.01,0.009,0.019,0.014,0.002,0.014,0.037,0.021,0.061,0.104,0.015,,0.024
Green   Beans Boiled Drained,26,1.36,0.14,6.12,0.03,0.005,0.069,0,249,,53,528,,8.2,0.048,0.074,0.417,0.056,8.2,0,112,45,24,21,0.82,0.62,0.055,0.067,0.371,0.45,91.94,110,,,,0,0.025,0,0.004,0.005,0.026,0.042,,,,0.026,0.05,0.084,0.066,0.017,0.013,0.03,0.05,0.032,0.082,0.059,0.014,0.067,0.055,0.063,0.191,0.14,0.049,,0.074
Ham Canned Lean,144,17.97,7.46,0,2.45,3.57,0.76,38,1276,0,0,0,,25.2,0.879,0.23,4.585,0.46,6,0.8,334,6,207,16,0.9,1.84,0.458,0.078,0.024,3.57,71.12,603,0,0.02,0.01,0.05,1.6,0.29,0.76,3.28,0.68,0.08,0,0,0,0.71,0.773,1.397,1.543,0.468,0.212,0.68,0.693,0.589,1.282,0.802,0.204,0.805,1.112,1.026,1.658,2.653,0.879,,0.698
Honey   Strained 1T=20gm 1C=320gm,300,0.5,,80,,,,,,,,,,,,0.05,0.5,,,,,5,,,0.5,,,,,,15,,,,,,,,,,,,,,,,,,,,,,,,,,,,,,,,,,
Jams    and Preserves All,242,0.7,0.2,64.4,0.01,0.11,0,0,40,1.1,1,12,,8.8,0,0.022,0.036,0.02,33,0,77,20,11,4,0.49,0.06,0.02,0.1,0.04,0.2,34.5,1013,,,,,0.01,0,0,0.02,,,0.05,0.04,,0.014,0.017,0.037,0.03,0.001,0.006,0.007,0.021,0.025,0.046,0.023,0.008,0.021,0.032,0.037,0.166,0.109,0.029,,0.028
Lamb    Domestic Cooked,294,24.52,20.94,0,8.83,8.82,1.51,97,72,0,0,0,,0,0.1,0.25,6.66,0.13,18,2.55,310,17,188,23,1.88,4.46,0.66,0.119,0.022,1.04,53.72,1229,,0.05,0.09,0.82,4.48,0.61,2.84,8,1.14,0.3,,,,0.777,1.183,1.908,2.166,0.629,0.293,0.922,0.998,0.824,1.822,1.05,0.287,1.323,1.457,1.475,2.159,3.559,1.198,,0.912
Lettuce Cos or Romaine Raw 1C shredded=56gm,16,1.62,0.2,2.37,0.026,0.008,0.106,0,8,2.4,260,2600,,24,0.1,0.1,0.5,0.047,135.7,0,290,36,45,6,1.1,0.25,0.17,0.037,0.636,0.9,94.91,67,,,,,0.023,0.002,0.003,0.006,0.031,0.075,,,,0.028,0.105,0.098,0.105,0.02,0.019,0.039,0.068,0.04,0.108,0.074,0.012,0.087,0.088,0.07,0.177,0.227,0.071,,0.049
Macaroni    1C=105gm,371,12.78,1.58,74.69,0.225,0.186,0.647,0,7,2.4,0,0,,0,1.029,0.444,7.508,0.106,18,0,162,18,150,48,3.86,1.21,0.431,0.254,0.694,0.7,10.25,1553.000  1,,,,0.003,0.197,,0.025,0.186,0.591,0.056,,,,0.259,0.494,0.874,0.245,0.199,0.361,0.56,0.621,0.336,0.957,0.338,0.164,0.545,0.471,0.375,0.522,4.609,0.404,1.406,0.602
Margarine   Powder Walton's ,757,14.28,71.4,14.28,14.28,,57.12,,757.14,,0,0,,0,0,0,0,,,,,,,,,,,,,,,757,,,,,,,14.28,,,,,,,,,,,,,,,,,,,,,,,,,,
Milk    2% Liquid 1C=about 210gm,49.672,3.33,1.92,4.8,1.195,0.555,0.071,7.5,49.9,0,57,205,,0.95,0.039,0.165,0.086,0.043,5.1,0.364,154.4,121.6,95.1,13.67,0.05,0.39,0.32,0.008,0.002,0.74,89.21,207.877,0.021,0.048,0.054,0.193,0.505,0.043,0.233,0.483,0.043,0.028,,,,0.09,0.201,0.326,0.264,0.084,0.031,0.115,0.161,0.161,0.322,0.15,0.047,0.223,0.121,0.115,0.253,0.697,0.07,0.323,0.181
Milk    Cow Dry Pdr Chocolate ,116,1.49,0.14,27.6,0.029,0.005,0.06,0,8,3.9,0,0,,12.1,0.095,0.028,0.552,0.228,16,0,670,14,49,18,0.52,0.2,0.311,0.152,0.371,0.66,70.13,487,,,,,0.027,,0.003,0.005,0.05,0.009,,,,0.033,0.05,0.094,0.058,0.02,0.018,0.038,0.069,0.039,0.108,0.052,0.012,0.06,0.124,0.061,0.151,0.176,0.052,,0.079
Milk    Instant W/O Added Vitamin A 1C=68gm,358.181,35.1,0.72,52.19,0.467,0.187,0.028,18.3,548.7,0,8,36,,5.58,0.413,1.744,0.891,0.345,49.8,3.993,1705.4,1238.8,984.7,117.11,0.31,4.41,3.235,0.041,0.02,8.03,3.96,1498.987,0.007,0.017,0.013,0.078,0.22,0.021,0.08,0.156,0.018,0.011,,,,0.952,2.124,3.438,2.784,0.88,0.325,1.205,1.694,1.694,3.388,1.584,0.495,2.349,1.271,1.21,2.663,7.35,0.743,,1.909
Milk    Regular With Added Vitamin A 1C=120gm,362.334,36.16,0.77,51.98,0.499,0.201,0.03,19.6,535.3,0,710,2370,,6.76,0.415,1.55,0.951,0.361,50.1,4.033,1794.1,1256.9,968.2,110.1,0.32,4.08,3.568,0.041,0.02,7.93,3.16,1516.368,0.007,0.018,0.014,0.083,0.235,0.022,0.085,0.167,0.019,0.011,,,,0.981,2.188,3.542,2.868,0.907,0.334,1.241,1.746,1.746,3.492,1.632,0.51,2.42,1.309,1.247,2.743,7.572,0.765,,1.967
Millet  1C=200gm,378,11.02,4.22,72.85,0.723,0.773,2.134,0,5,8.5,0,0,0.05,0,0.421,0.29,4.72,0.384,85,0,195,8,285,114,3.01,1.68,0.848,0.75,1.632,3.25,8.67,1583,,,0.003,,0.528,0.014,0.154,0.739,2.015,0.118,0.02,,,0.236,0.465,1.4,0.212,0.221,0.212,0.433,0.58,0.34,0.92,0.353,0.119,0.578,0.382,0.986,0.726,2.396,0.287,0.877,0.644
Molasses    1T=20gm 1C=328gm,266,0,0.1,68.8,,,,0,37,0,0,0,,0,0.041,0.002,0.93,0.7,0,0,1464,205,31,242,4.72,0.29,0.804,0.487,1.53,3.3,25.9,1115,,,,,,,,,,,,,,,,,,,,,,,,,,,,,,,,,
Mushrooms   Shittake Dried,296,9.58,0.99,75.37,0.247,0.307,0.14,0,13,11.5,0,0,,3.5,0.3,1.27,14.1,0.965,163.2,0,1534,11,294,132,1.72,7.66,21.879,5.165,1.176,4.56,9.5,1238,,0.019,0.011,0.018,0.112,0.082,0.047,0.139,0.127,0.012,,0.07,,0.159,0.405,0.679,0.343,0.179,0.196,0.375,0.486,0.323,0.809,0.497,0.031,0.486,0.648,0.567,0.76,2.579,0.414,,0.506
Noodles Egg Enriched Dry 1C=38gm,381,14.02,4.21,71.13,0.889,1.232,1.17,95,21,2.7,18,62,,0,1.061,0.479,8.032,0.122,29,0.4,234,31,214,60,4.54,1.6,0.7,0.298,0.716,0.97,9.67,1597,,,,0.011,0.723,0.095,0.155,1.137,1.106,0.061,,,,0.293,0.597,1.002,0.383,0.257,0.383,0.64,0.699,0.405,1.104,0.424,0.187,0.665,0.58,0.478,0.711,4.48,0.446,,0.728
Oats    1C=156gm Rolled 1C=49gm,389,16.89,6.9,66.27,1.217,2.178,2.535,0,2,,0,0,1.09,0,0.763,0.139,0.961,0.119,56,0,429,54,523,177,4.72,3.97,1.349,0.626,4.916,1.72,8.22,1629,,,0.024,0.015,1.034,0.013,0.065,2.165,2.424,0.111,,,,0.405,0.694,1.284,0.701,0.312,0.408,0.72,0.895,0.573,1.468,0.575,0.234,0.937,1.192,0.881,1.448,3.712,0.841,0.934,0.75
Oil Peanut 1C=146gm,884,0,100,0,16.9,46.2,32,0,0.1,0,0,0,11.6,0,0,0,0,0,0,0,0,0.1,0,0.04,0.03,0.01,0,,,0,0,3698.7,0,0,0,0.1,9.5,0.1,2.2,44.8,32,0,1.3,0,207,0,0,0,0,0,0,,0,0,,0,0,0,0,0,0,0,0,,0
Oil Vegetable Canola 1T=14gm 1C=218gm,884,0,100,0,7.1,58.9,29.6,,0,0,0,0,,0,0,0,0,0,0,0,0,0,0,0,0,0,0,0,0,0,0,3701,,,,,4,0.2,1.8,56.1,20.3,9.3,1.7,0.6,,,,,,,,,,,,,,,,,,,,,0
Oil Vegetable Corn 1T=14gm 1C=218gm,884,0,100,0,12.7,24.2,58.7,0,0,0,0,0,14.3,0,0,0,0,0,0,0,0,0,0,0,0,0,0,,,0,0,3698.7,0,0,0,0,10.9,0,1.8,24.2,58,0,,,968,,,,,,,,,,,,,,,,,,,,0
Onion   Dehydrated 1T=5gm 1/4C=14gm,323,8.95,0.46,83.28,0.078,0.064,0.18,0,21,9.2,0,0,,75,0.5,0.1,0.99,1.6,166,0,1622,257,303,92,1.55,1.89,1.38,0.416,1.389,3.38,3.93,1351,,,,0.002,0.069,,0.006,0.064,0.17,0.009,,,,0.146,0.316,0.314,0.428,0.074,0.16,0.234,0.229,0.222,0.451,0.216,0.129,0.206,1.203,0.249,0.49,1.445,0.372,,0.263
Onion   Raw 1T=10gm 1C=160gm,38,1.16,0.16,8.63,0.026,0.023,0.062,0,3,1.8,0,0,0.31,6.4,0.042,0.02,0.148,0.116,19,0,157,20,33,10,0.22,0.19,0.106,0.06,0.137,0.37,89.68,158,,,,0.001,0.024,,0.002,0.023,0.059,0.003,,,15,0.019,0.041,0.041,0.055,0.01,0.021,0.031,0.03,0.029,0.059,0.028,0.017,0.027,0.156,0.032,0.063,0.187,0.048,,0.034
Pancake Mix Dry Complete 1oz=28.3gm,349.2,9.36,4.5,66.06,0.9126,1.5858,1.476,21.6,1130.4,2.34,16.2,57.6,,0.36,0.3798,0.3906,3.0798,0.1638,16.2,0.36,315,226.8,601.2,36,2.808,0.702,0.4374,0.1692,0.4896,4.68,10,1459.8,,0.0072,0.009,0.0324,0.6192,0.0414,0.225,1.575,1.3752,0.0864,0.0018,0,,0.2268,0.3888,0.7992,0.378,0.189,0.1728,0.3618,0.459,0.3258,0.7848,0.3348,0.1062,0.4644,0.396,0.4014,0.567,2.385,2.385,,0.4788
Peaches Canned in Light Syrup 1C=251gm,54,0.45,0.03,14.55,0.003,0.012,0.015,0,5,1,35,354,,2.4,0.009,0.025,0.593,0.019,3.3,0,97,3,11,5,0.36,0.09,0.05,0.052,0.046,0.25,84.72,227,,,,,0.003,,,0.011,0.015,,,,,0.008,0.013,0.025,0.014,0.011,0.004,0.015,0.014,0.012,0.026,0.018,0.001,0.025,0.011,0.027,0.075,0.068,0.016,,0.021
Peaches Dehydrated 1C=160gm,239,3.61,0.76,61.33,0.082,0.278,0.367,0,7,8.2,216,2163,,4.8,0.002,0.212,4.375,0.067,0.3,0,996,28,119,42,4.06,0.57,0.564,0.364,0.305,2.5,31.8,1001,,,,,0.071,0.006,0.01,0.272,0.358,0.009,,,,0.067,0.104,0.204,0.116,0.087,0.029,0.116,0.114,0.094,0.208,0.141,0.01,0.197,0.092,0.215,0.602,0.548,0.126,,0.167
Peanut  Butter not deh. 1T=16gm 1C=258gm,588,24.59,49.98,20.71,9.589,23.582,14.364,0,478,5.9,0,0,,0,0.136,0.099,13.09,0.378,78.2,0,721,34,323,157,1.67,2.51,0.92,0.556,1.536,3.29,1.42,2460,,,0.022,0.05,5.501,,2.143,22.964,14.098,0.078,0.618,,102,0.622,0.865,1.594,0.883,0.302,0.315,0.617,1.275,1,2.275,0.842,0.239,1.031,2.941,0.977,3,5.139,1.482,1.085,1.212
Peanut  Flour Defatted 1C=60gm Same as Waltons Peanut Butter Powder,327,52.2,0.55,34.7,0.063,0.225,0.143,0,180,,0,0,,0,0.7,0.48,27,0.504,248.2,0,1290,140,760,370,2.1,5.1,2.744,1.8,4.9,4.75,7.8,1368,,,,0,0.048,0,0.01,0.219,0.143,0,0.006,,,1.319,1.836,3.384,1.874,0.641,0.669,1.31,2.705,2.122,4.827,1.788,0.507,2.189,6.243,2.075,6.367,10.908,3.145,,2.572
Peanuts Dry Roasted 1C=146gm,585,23.68,49.66,21.51,6.893,24.64,15.694,0,813,8,0,0,7.8,0,0.438,0.098,13.525,0.256,145.3,0,658,54,358,176,2.26,3.31,1.395,0.671,2.083,3.6,1.55,2449,,,,0.025,5.198,0.009,1.109,23.961,15.69,0.003,0.667,,,0.599,0.833,1.535,0.85,0.291,0.304,0.595,1.227,0.963,2.19,0.811,0.23,0.993,2.832,0.941,2.888,4.949,1.427,,1.167
Pears   Canned in Lite Syrup,57,0.19,0.03,15.17,0.002,0.006,0.007,0,5,2,0,0,,0.7,0.01,0.016,0.154,0.014,1.2,0,66,5,7,4,0.28,0.08,0.022,0.049,0.033,0.14,84.46,239,,,,,0.001,,,0.006,0.007,,,,,0.002,0.006,0.01,0.007,0.002,0.002,0.004,0.005,0.002,0.007,0.005,,0.007,0.003,0.006,0.038,0.014,0.006,,0.007
Peas    Split 1C=197gm,341,24.55,1.16,60.38,0.161,0.242,0.495,0,15,25.5,15,149,0.09,1.8,0.726,0.215,2.889,0.174,273.8,0,981,55,366,115,4.43,3.01,1.758,0.866,1.391,2.65,11.27,1425,,,0.003,0.002,0.125,,0.031,0.232,0.411,0.084,0.01,,135,0.597,1.014,1.76,1.772,0.251,0.373,0.624,1.132,0.711,1.843,0.872,0.275,1.159,2.188,1.08,2.896,4.196,1.092,1.014,1.08
Pepper  Black 1t=2.1gm 1T=6.4gm,255,10.95,3.26,64.81,0.98,1.01,1.13,0,44,26.5,19,190,,,0.109,0.24,1.142,,,0,1259,436.6,173.4,193.55,28.86,1.42,,1.127,5.625,4.33,10.51,1066,,,0.03,0.05,0.9,,,1.01,0.97,0.16,,,92,,,,,,,,,,,,,,,,,,,,
Peppers Sweet Green Freeze Dried,314,17.9,3,68.7,0.447,0.202,1.607,0,193,21.3,625,6249,,1900,1.2,1.2,7.4,2.223,228.5,0,3170,134,327,188,10.4,2.41,0.488,1.389,1.897,8.4,2,1314,,,0.002,0.009,0.331,0.021,0.105,0.181,1.462,0.145,,,,0.364,0.579,0.937,0.796,0.215,0.344,0.559,0.553,0.372,0.925,0.659,0.229,0.756,0.859,0.733,2.558,2.363,0.662,,0.719
Pineapple   Canned Solids and Liquids,32,0.43,0.09,8.3,0.006,0.011,0.031,0,1,0.7,2,15,7.7,,0.093,0.026,0.298,0.074,4.8,0,127,15,4,18,0.4,0.12,0.1,0.105,1.121,0.35,90.82,134,,,,,0.004,0.001,0.002,0.01,0.018,0.013,,,,0.009,0.011,0.017,0.02,0.011,0.001,0.012,0.011,0.01,0.021,0.011,0.006,0.014,0.015,0.022,0.099,0.05,0.017,,0.023
Plums   Canned in Light Syrup,63,0.37,0.1,16.28,0.008,0.069,0.023,0,20,1,26,264,0.4,,0.016,0.039,0.297,0.027,2.6,0,93,9,13,5,0.86,0.08,0.072,0.038,0.032,0.25,83,262,,,,,0.007,0.001,0.001,0.068,0.023,,,,,0.006,0.007,0.01,0.008,0.003,0.002,0.005,0.008,0.003,0.011,0.008,,0.009,0.006,0.014,0.116,0.017,0.006,,0.009
Pork    Cooked,629,12.2,63.92,0,24.49,27.35,6.38,93,34,0,4,13,,0,0.325,0.11,2.53,0.13,2,0.45,235,53,162,7,0.36,1.26,0.32,0.052,0.003,0.75,23.22,2631,,0.05,0.05,0.85,14.93,1.67,8.17,25.01,5.79,0.22,0.45,,,0.158,0.318,0.778,0.949,0.17,0.098,0.268,0.43,0.21,0.64,0.379,0.04,0.538,1.085,0.859,0.841,1.093,2.042,,0.502
Potatoes    Flakes 1C=45gm,354,8.35,0.39,81.21,0.1,0.008,0.172,0,107,6.9,0,0,,83.6,1.031,0.11,6.146,0.762,40,0,1084,25,154,65,1.2,0.68,2.117,0.157,0.102,3.54,6.51,1481,0.003,,0.014,0.003,0.066,0.003,0.014,0.005,0.131,0.041,,,,0.203,0.425,0.659,0.583,0.142,0.098,0.24,0.394,0.361,0.755,0.372,0.086,0.521,0.369,0.299,1.293,1.547,0.247,0.503,0.389
Potatoes    Raw,79,2.07,0.1,17.98,0.026,0.002,0.043,0,6,1.6,0,0,,19.7,0.088,0.035,1.484,0.26,12.8,0,543,7,46,21,0.76,0.39,0.38,0.259,0.263,0.89,78.96,331,0.001,,0.003,0.001,0.016,0.001,0.004,0.001,0.032,0.01,,,5,0.045,0.084,0.124,0.126,0.033,0.026,0.059,0.092,0.077,0.169,0.075,0.032,0.117,0.095,0.064,0.506,0.347,0.062,0.074,0.09
Potatoes    Scalloped Dry 5 1/2oz pkg=156gm,358,7.77,4.59,73.93,1.2,0.1,1.985,,1578,8.6,0,0,,16.5,0.06,0.123,4.533,0.18,31.7,0,905,62,197,59,2.01,0.92,1.4,0.26,0.622,7.49,6.22,1498,0.033,,0.155,0.033,0.745,0.039,0.16,0.05,1.482,0.47,,,,,,,,,,,,,,,,,,,,,,,
Pumpkin Boiled Drained,20,0.72,0.07,4.89,0.037,0.009,0.004,0,1,,108,1082,,4.7,0.031,0.078,0.413,0.044,8.5,0,238,15,30,9,0.57,0.23,0.201,0.091,0.089,0.62,93.69,84,,,0.001,0.005,0.026,0.005,0.002,0.005,0.002,0.002,,,,0.011,0.023,0.034,0.039,0.008,0.002,0.01,0.023,0.03,0.053,0.021,0.009,0.025,0.039,0.02,0.074,0.133,0.019,,0.032
Quinoa  1C-170gm,374,13.1,5.8,68.9,0.59,1.535,2.347,0,21,5.9,0,0,,0,0.198,0.396,2.93,0.223,49,0,740,60,410,210,9.25,3.3,1.047,0.82,2.26,2.9,9.3,1567,,,,,0.541,0.01,0.049,1.525,2.214,0.133,,,,0.314,0.472,0.786,0.734,0.262,,0.262,0.537,0.367,0.904,0.459,,0.589,0.918,0.616,0.956,1.559,0.681,0.407,0.484
Rabbit  Domestic Roasted,197,29.06,8.05,0,2.4,2.17,1.56,82,47,0,0,0,,0,0.09,0.21,8.43,0.47,11,8.3,383,19,263,21,2.27,2.27,0.93,0.189,0.032,1.04,60.61,823,,,,0.21,1.81,0.26,0.38,1.86,1.24,0.32,,,,0.815,1.379,2.264,2.544,0.727,0.365,1.092,1.193,1.035,2.228,1.3,0.384,1.477,1.795,1.753,2.839,4.662,1.578,,1.288
Raisins Seedless 1C not packed 145gm,300,3.22,0.46,79.13,0.15,0.018,0.135,0,12,4,1,8,,3.3,0.156,0.088,0.818,0.249,3.3,0,751,49,97,33,2.08,0.27,0.045,0.309,0.308,1.77,15.42,1253,,,,0.004,0.129,,0.018,0.018,0.104,0.031,,,,,,,,,,,,,,,,,,,,,,,
Rice    Brown 1C=185gm,370,7.94,2.92,77.24,0.584,1.056,1.044,0,7,3.5,0,0,0.68,0,0.401,0.093,5.091,0.509,20,0,223,23,333,143,1.47,2.02,1.493,0.277,3.743,1.53,10.37,1548,,,0.003,0.011,0.498,0.01,0.052,1.046,1,0.044,,,,0.202,0.336,0.657,0.303,0.179,0.096,0.275,0.41,0.298,0.708,0.291,0.101,0.466,0.602,0.463,0.743,1.618,0.391,0.372,0.411
Rice    White 1C=185gm,365,7.13,0.66,79.95,0.18,0.206,0.177,0,5,1.3,0,0,0.11,0,0.576,0.049,4.192,0.164,8,0,115,28,115,25,4.31,1.09,1.014,0.22,1.088,0.64,11.62,1529,,,,0.004,0.161,0.002,0.012,0.203,0.146,0.031,,,,0.168,0.308,0.589,0.258,0.168,0.146,0.314,0.381,0.238,0.619,0.255,0.083,0.435,0.594,0.413,0.67,1.389,0.325,0.335,0.375
Rutabagas   Boiled Drained,39,1.29,0.22,8.74,0.029,0.027,0.095,0,20,1.8,56,561,,18.8,0.082,0.041,0.715,0.102,15,0,326,48,56,23,0.53,0.35,0.155,0.041,0.174,0.87,88.88,163,,,,,0.026,,0.003,0.027,0.038,0.057,,,,0.032,0.053,0.041,0.042,0.01,0.012,0.022,0.034,0.025,0.059,0.05,0.014,0.051,0.159,0.035,0.094,0.152,0.03,,0.037
Rye 1C=169gm,335,14.76,2.5,69.76,0.287,0.303,1.115,0,6,14.6,0,0,1.28,0,0.316,0.251,4.27,0.294,60,0,264,33,374,121,2.67,3.73,1.456,0.45,2.68,2.02,10.95,1403,,,,0.003,0.271,0.01,0.009,0.28,0.958,0.157,0.013,,,0.367,0.549,0.98,0.605,0.248,0.329,0.577,0.674,0.339,1.013,0.532,0.154,0.747,0.813,0.711,1.177,3.661,0.701,,0.681
Salt    Table 1t=6gm 1T=18gm,0,0,0,0,0,0,0,0,38758,0,0,0,,0,0,0,0,0,0,0,8,24,0,1,0.33,0.1,,0.03,0.1,99.8,0,0.2,0,0,0,0,0,0,0,0,0,0,0,0,0,0,0,0,0,0,0,0,0,0,0,0,0,0,0,0,,0,,,0
Sauerkraut  Canned Solids and Liquids,19,0.91,0.14,4.28,0.035,0.013,0.061,0,661,2.5,2,18,,14.7,0.021,0.022,0.143,0.13,23.7,0,170,30,20,13,1.47,0.19,0.093,0.096,0.151,2.15,92.52,78,0.001,0.001,0.001,0,0.021,0,0.002,0.01,0.026,0.025,,,,,,,,,,,,,,,,,,,,,,,
Sausage pork Cooked,323,20.02,25.7,1.51,9.03,11.95,3.28,78,922,0,0,0,,2,0.623,0.233,4.165,0.33,5,1.3,304,24,170,18,1.5,2.38,0.45,0.08,0.082,2.82,49.95,1352,0,0.07,0.05,0.45,5.39,1.18,3.07,10.77,2.84,0.44,0,0,0,0.577,0.731,1.343,1.522,0.487,0.201,0.688,0.67,0.577,1.247,0.792,0.161,0.805,1.183,1.121,1.667,2.769,1.214,,0.775
Soup    Walton's ABC Soup Mix,122.8,19.3,0,19.3,,,,,386,17.5,0,0,,0,0.123,0.083,0.715,,,,96,,,,0.86,,,,,,,122.8,,,,,,,,,,,,,,,,,,,,,,,,,,,,,,,,,
Soup    Walton's Vegtable Soup Mix ,364,1,,79,,,,,200,,356.33,,,15.58,0.143,0.169,2.92,,,,571,8.6,1711.4,,4.46,,,,,,,364,,,,,,,,,,,,,,,,,,,,,,,,,,,,,,,,,
Spaghetti   Enriched Dry 8oz=227gm,371,12.78,1.58,74.69,0.225,0.186,0.647,0,7,2.4,0,0,,0,1.029,0.444,7.508,0.106,18,0,162,18,150,48,3.86,1.21,0.431,0.254,0.694,0.7,10.25,1553,,,,,,,,,,,,,,,,,,,,,,,,,,,,,,,,,
Spinach Boiled Drained 1C=180gm,23,2.97,0.26,3.75,0.042,0.007,0.108,0,70,2.4,819,8190,,9.8,0.095,0.236,0.49,0.242,145.8,0,466,136,56,87,3.57,0.76,0.145,0.174,0.935,1.81,91.21,95,,,,0.006,0.031,0.003,0.003,0.003,0.016,0.085,,,,0.066,0.152,0.231,0.182,0.055,0.035,0.09,0.134,0.113,0.247,0.127,0.04,0.168,0.168,0.147,0.25,0.357,0.14,,0.107
Sprouts Alfalfa,29,3.99,0.69,3.78,0.069,0.056,0.409,0,6,2.5,16,155,,8.2,0.076,0.126,0.481,0.034,36,0,79,32,70,27,0.96,0.92,0.563,0.157,0.188,0.4,91.14,121,,,,0.002,0.059,,0.008,0.056,0.234,0.175,,,,,0.143,0.267,0.214,,,,,,,0.134,,0.145,,,,,,,
Sprouts Kidney Beans Raw,29,4.2,0.5,4.1,0.072,0.039,0.276,0,6,,0,2,,38.7,0.37,0.25,2.92,0.085,58.9,0,187,17,37,21,0.81,0.4,0.368,0.159,0.182,0.5,90.7,122,,,,,,0.064,0.009,0.039,0.107,0.169,,,,0.118,0.186,0.302,0.239,0.044,0.048,0.092,0.212,0.144,0.356,0.176,0.044,0.216,0.228,0.174,0.546,0.512,0.144,,0.224
Sprouts Lentils Raw,106,8.96,0.55,22.14,0.057,0.104,0.219,0,11,,5,45,,16.5,0.228,0.128,1.128,0.19,99.9,0,322,25,173,37,3.21,1.51,0.578,0.352,0.506,1,67.34,441,,,,,,0.052,0.006,0.104,0.181,0.038,,,,0.257,0.326,0.628,0.712,0.105,0.334,0.439,0.442,0.252,0.694,0.328,,0.399,0.611,0.356,1.433,1.258,0.319,,0.495
Sprouts Mung Beans Raw,30,3.04,0.18,5.93,0.046,0.022,0.058,0,6,1.8,2,21,,13.2,0.084,0.124,0.749,0.088,60.8,0,149,13,54,21,0.91,0.41,0.38,0.164,0.188,0.44,90.4,126,0,,,,,0.032,0.008,0.022,0.042,0.016,15,,,0.07,0.132,0.175,0.166,0.034,0.017,0.051,0.117,0.052,0.169,0.078,0.037,0.13,0.197,0.099,0.479,0.161,0.063,,0.033
Sprouts Pea Green Raw,128,8.8,0.68,28.26,0.124,0.061,0.326,0,20,,17,166,,10.4,0.225,0.155,3.088,0.265,144,0,381,36,165,56,2.26,1.05,1.029,0.272,0.438,1.14,62.27,536,,,,,0.112,,0.012,0.061,0.265,0.061,,,,0.167,0.171,0.365,0.384,0.069,0.155,0.224,0.251,0.127,0.378,0.186,,0.22,0.484,0.245,0.656,1.017,0.208,,0.299
Sprouts Pinto Raw,62,5.25,0.9,11.6,0.109,0.067,0.523,0,153,,0,2,,21.7,0.23,0.175,2.28,0.171,118.4,0,307,43,94,53,1.97,0.5,0.74,0.32,0.366,0.95,81.3,258,,,,,0.097,,0.012,0.067,0.189,0.334,,,,0.147,0.233,0.377,0.299,0.055,0.06,0.115,0.265,0.181,0.446,0.22,0.055,0.27,0.286,0.218,0.682,0.64,0.181,,0.281
Sprouts Soy Cooked,81,8.47,4.45,6.53,0.617,1.009,2.513,0,10,0.8,1,11,,8.3,0.205,0.053,1.092,0.105,80,0,355,59,135,60,1.31,1.04,0.743,0.33,0.71,1.1,79.45,340,,,,0.004,0.448,0.009,0.165,0.991,2.217,0.296,0.009,,,0.225,0.375,0.607,0.486,0.089,0.102,0.191,0.415,0.309,0.724,0.325,0.103,0.401,0.585,0.355,1.148,1.272,0.325,,0.421
Sprouts Soy Raw,122,13.09,6.7,9.57,0.929,1.518,3.783,0,14,,1,11,,15.3,0.34,0.118,1.148,0.176,172,0,484,67,164,72,2.1,1.17,0.929,0.427,0.702,1.59,69.05,511,,,,0.007,0.674,0.013,0.249,1.492,3.338,0.445,0.013,,,0.348,0.58,0.938,0.752,0.138,0.157,0.295,0.641,0.477,1.118,0.503,0.159,0.62,0.905,0.549,1.774,1.966,0.503,,0.651
Sprouts Navy Beans Cooked,78,7.07,0.81,15.01,0.098,0.06,0.468,0,14,,0,4,,17.3,0.381,0.235,1.263,0.198,106.3,0,317,16,103,111,2.11,0.97,0.854,0.389,0.446,1.09,76.02,325,,,,,,0.087,0.011,0.06,0.169,0.299,,,,0.198,0.314,0.508,0.403,0.074,0.08,0.154,0.357,0.243,0.6,0.297,0.074,0.363,0.385,0.293,0.919,0.863,0.243,,0.378
Sprouts Navy Beans Raw,67,6.15,0.7,13.05,0.085,0.052,0.407,0,13,,0,4,,18.8,0.39,0.215,1.22,0.191,132,0,307,15,100,101,1.93,0.89,0.825,0.356,0.408,0.95,79.15,282,,,,,,0.076,0.009,0.052,0.147,0.26,,,,0.172,0.273,0.442,0.35,0.064,0.07,0.134,0.31,0.212,0.522,0.258,0.064,0.316,0.335,0.255,0.799,0.75,0.212,,0.329
Sprouts Wheat Raw,198,7.49,1.27,42.53,0.206,0.151,0.557,0,16,1.1,0,0,,2.6,0.225,0.155,3.087,0.265,38,0,169,28,200,82,2.14,1.65,0.947,0.261,1.858,0.96,47.75,830,,,,,0.194,,0.012,0.151,0.531,0.026,,,,0.196,0.287,0.507,0.245,0.116,0.134,0.25,0.35,0.275,0.625,0.254,0.115,0.361,0.425,0.295,0.453,1.871,0.306,,0.341
Squash  Straight Neck Boiled,20,0.91,0.31,4.31,0.064,0.023,0.131,0,1,1.4,29,287,,5.5,0.049,0.049,0.513,0.094,20.1,0,192,27,39,24,0.36,0.39,0.137,0.103,0.213,0.77,93.7,85,,,0.001,0.001,0.056,0.001,0.006,0.021,0.049,0.082,,,,0.02,0.033,0.053,0.05,0.013,0.01,0.023,0.032,0.024,0.056,0.022,0.008,0.041,0.038,0.048,0.111,0.097,0.034,,0.037
Squash  Zucchini Boiled Drained,16,0.64,0.05,3.93,0.01,0.004,0.021,0,3,1.4,24,240,,4.6,0.041,0.041,0.428,0.078,16.8,0,253,13,40,22,0.35,0.18,0.114,0.086,0.178,0.64,94.74,67,,,0,0,0.009,0,0.001,0.004,0.008,0.013,,,,0.014,0.023,0.037,0.035,0.009,0.007,0.016,0.022,0.017,0.039,0.015,0.006,0.029,0.027,0.033,0.078,0.068,0.024,,0.026
Starch  Corn 1/3 C=43gm 1C=128gm,381,0.26,0.05,91.27,0.009,0.016,0.025,0,9,0.9,0,0,0,0,0,0,0,0,0,0,3,2,13,3,0.47,0.06,0,0.05,0.053,0.09,8.23,1595,,,,,0.009,,0.001,0.016,0.025,0,,,,0.008,0.01,0.036,0.006,0.006,0.006,0.012,0.013,0.01,0.023,0.009,0.001,0.014,0.012,0.019,0.02,0.053,0.009,,0.012
Strawberries    Raw,69,0.58,0.6,17.36,0.172,0.055,0.253,0,37,,9,90,,37,0.03,0.03,0.6,,,0,292,21,27,17,0.22,,,,,0.8,80.66,291,,,,0.012,0.144,0.003,0.016,0.052,0.182,0.071,,,,0.005,0.021,0.039,0.016,0.004,,0.004,0.001,0.007,0.008,0.022,0.005,0.02,0.015,0.029,0.037,0.076,0.029,,0.017
Sugar   Brown 1C=220gm,376,0,0,97.3,,,,0,39,0,0,0,,0,0.008,0.007,0.082,0.026,1,0,346,85,22,29,1.91,0.18,0.111,0.298,0.32,0.9,1.6,1576,,,,,,,,,,,,,,,,,,,,,,,,,,,,,,,,,
Sugar   Powdered 1T=8gm 1C=120gm,389,0,0.1,99.5,,,,0,1,0,0,0,,0,0,0,0,0,0,0,2,1,2,0,0.06,0.03,0,0.043,0.007,0,0.3,1629,,,,,,,,,,,,,,,,,,,,,,,,,,,,,,,,,0
Sugar   Granulated 1t=4gm 1C=200gm,387,0,0,99.9,,,,0,1,0,0,0,,0,0,0.019,0,0,0,0,2,1,2,0,0.06,0.03,0,0.043,0.007,0,0,1619,,,,,,,,,,,,,,,,,,,,,,,,,,,,,,,,,0
Sweet   Potatoes Boiled 1C mashed=328gm,105,1.65,0.3,24.28,0.064,0.011,0.132,0,13,2.5,1705,17054,,17.1,0.053,0.14,0.64,0.244,11.1,0,184,21,27,10,0.56,0.27,0.532,0.161,0.337,0.95,72.84,439,,,,,0.058,,0.006,0.011,0.111,0.02,,,,0.031,0.082,0.121,0.081,0.041,0.013,0.054,0.099,0.068,0.167,0.082,0.02,0.108,0.077,0.09,0.282,0.161,0.074,,0.085
Tomato  Powder,302,12.91,0.44,74.68,0.062,0.066,0.179,0,134,,1725,17247,,116.7,0.913,0.761,9.133,0.457,119.9,0,1927,166,295,178,4.56,1.71,3.76,1.241,1.951,8.91,3.06,1263,,,,0,0.044,0.001,0.016,0.065,0.171,0.007,0.001,,,0.204,0.25,0.359,0.37,0.066,0.076,0.142,0.273,0.173,0.446,0.295,0.089,0.264,0.258,0.405,1.617,5.163,0.213,,0.308
Tomatoes    Red Ripe Raw 1C chopped 180gm,21,0.85,0.33,4.64,0.045,0.05,0.135,0,9,1.1,62,623,0.34,19.1,0.059,0.048,0.628,0.08,15,0,222,5,24,11,0.45,0.09,0.247,0.074,0.105,0.42,93.76,90,,,,0,0.033,0.002,0.013,0.049,0.13,0.005,0,,7,0.013,0.02,0.031,0.031,0.007,0.011,0.018,0.022,0.015,0.037,0.021,0.006,0.022,0.021,0.024,0.118,0.313,0.021,,0.023
Tomatoes    Whole Canned 1C=240gm,20,0.93,0.24,4.29,0.035,0.037,0.099,0,13,1.8,60,604,,15.1,0.045,0.031,0.735,0.09,7.8,0,221,26,19,12,0.61,0.16,0.167,0.11,0.127,0.87,93.67,82,,,,0,0.024,0.001,0.009,0.036,0.095,0.004,0,,,0.014,0.022,0.034,0.034,0.008,0.012,0.02,0.024,0.016,0.04,0.024,0.007,0.024,0.023,0.027,0.129,0.343,0.023,,0.025
Triticale   Flour 1C=130gm,338,13.18,1.81,73.14,0.318,0.183,0.794,0,2,14.6,0,0,0.2,0,0.378,0.132,2.86,0.403,74,0,466,35,321,153,2.59,2.66,2.167,0.559,4.185,1.85,10.01,1416,0.015,,0.012,0.008,0.238,0.016,0.027,0.154,0.741,0.053,0.013,,,0.314,0.484,0.92,0.369,0.206,0.278,0.484,0.644,0.387,1.031,0.409,0.158,0.615,0.678,0.491,0.794,4.048,0.565,,0.599
Triticale   1C=192gm,336,13.05,2.09,72.13,0.366,0.211,0.913,0,5,,0,0,0.9,0,0.416,0.134,1.43,0.138,73,0,332,37,358,130,2.57,3.45,1.323,0.457,3.21,2.23,10.51,1408,0.018,,0.014,0.009,0.274,0.018,0.031,0.178,0.853,0.061,0.015,,,0.311,0.479,0.911,0.365,0.204,0.275,0.479,0.638,0.383,1.021,0.405,0.157,0.609,0.671,0.486,0.785,4.006,0.559,,0.593
Tuna    Canned in Oil Drained 1 can=178gm,186,26.53,8.08,0,1.65,2.48,3.38,31,396,0,24,80,,0,0.017,0.079,11.698,0.43,4.6,2.2,333,4,267,34,0.65,0.47,0.37,0.13,0.016,2.18,64.02,779,,,,,,,,,,,,,,0.781,1.223,2.156,2.437,0.785,0.284,1.069,1.036,0.896,1.932,1.163,0.297,1.367,1.588,1.605,2.717,3.961,1.274,,1.082
Turkey  Roasted,205,27.98,9.45,0.07,2.77,3.05,2.42,95,67,0,68,238,,0.1,0.056,0.206,4.939,0.4,20,1.28,272,26,200,24,2.01,3.15,0.955,0.107,0.027,0.98,62,858,,0,0.01,0.07,1.68,0.5,0.69,2.47,0.02,0.01,2,0.11,,0.836,1.406,2.18,2.532,0.784,0.309,1.093,1.102,1.058,2.16,1.225,0.31,1.461,1.967,1.767,2.696,4.46,1.66,,1.235
Turnips Boiled Drained,18,0.71,0.08,4.9,0.008,0.005,0.042,0,50,2,0,0,,11.6,0.027,0.023,0.299,0.067,9.2,0,135,22,19,8,0.22,0.2,0.142,0.064,0.1,0.55,93.6,75,,,,,0.008,0,0.001,0.004,0.009,0.032,,,,0.011,0.029,0.026,0.028,0.009,0.004,0.013,0.014,0.011,0.025,0.02,0.007,0.023,0.019,0.027,0.05,0.102,0.019,,0.023
TVP Soy Protein Concentrate Extracted by Alcohol,332,58.13,0.46,31.21,0.052,0.079,0.201,0,3,,0,0,,0,0.316,0.142,0.716,0.134,340,0,2202,363,839,315,10.78,4.4,0.057,0.976,4.19,4.7,5.8,1389,,,,0.001,0.038,0.001,0.013,0.078,0.177,0.024,,,,1.578,2.942,4.917,3.929,0.814,0.886,1.7,3.278,2.301,5.579,2.474,0.835,3.064,4.642,2.677,7.249,12.013,2.688,,3.369
Walton's    White Cream Sauce,428,21.4,21.4,53.5,3.57,,,,,,,,,,,,,,,,,71.4,,,1.14,,,,,,,428,,,,,,,,,,,,,,,,,,,,,,,,,,,,,,,,,
Watermelon  Raw,32,0.62,0.43,7.18,,,,0,2,0.5,37,366,,9.6,0.08,0.02,0.2,0.144,2.2,0,116,8,9,11,0.17,0.07,0.212,0.032,0.037,0.26,91.51,132,,,,,,,,,,,,,2,0.006,0.019,0.018,0.062,0.006,0.002,0.008,0.015,0.012,0.027,0.027,0.007,0.016,0.059,0.017,0.039,0.063,0.01,,0.016
Wheat   Duram 1C=192gm,339,13.68,2.47,71.13,0.454,0.344,0.978,0,2,,0,0,,0,0.419,0.121,6.738,0.419,43.3,0,431,34,508,144,3.52,4.16,0.935,0.553,3.012,1.78,10.94,1418,,,,0.003,0.422,0.009,0.022,0.335,0.93,0.048,,,,0.322,0.533,0.934,0.303,0.221,0.286,0.507,0.681,0.357,1.038,0.366,0.176,0.594,0.483,0.427,0.617,4.743,0.495,1.459,0.667
Wheat   Hard Red Spring 1C=192gm,329,15.4,1.92,68.03,0.314,0.303,0.765,0,2,12.6,0,0,,0,0.504,0.11,5.71,0.336,43,0,340,25,332,124,3.6,2.78,0.935,0.41,4.055,1.89,12.76,1375,,,0,0.004,0.283,0.066,0.014,0.236,0.727,0.036,,,,0.33,0.541,1.038,0.404,0.23,0.404,0.634,0.724,0.441,1.165,0.433,0.195,0.679,0.702,0.555,0.808,4.946,0.621,,0.663
Wheat   Hard Red Winter 1C=192gm,327,12.61,1.54,71.18,0.269,0.2,0.627,0,2,12.6,0,0,,0,0.383,0.115,5.464,0.3,38,0,363,29,288,126,3.19,2.65,0.954,0.434,3.985,1.57,13.1,1370,0.015,,,0.001,0.234,0.008,0.013,0.192,0.6,0.027,,,,0.285,0.458,0.854,0.335,0.201,0.322,0.523,0.592,0.387,0.979,0.365,0.16,0.556,0.595,0.45,0.64,3.998,0.528,1.289,0.586
Whey    Sweet Dried 1T=7.5gm 1C=145gm,352.776,12.93,1.07,74.46,0.684,0.297,0.034,6,1079,0,10,44,,1.49,0.519,2.208,1.258,0.584,11.6,2.371,2079.7,796.1,931.7,176.1,0.88,1.97,5.62,0.07,0.009,8.35,3.19,1476.369,0.01,0.018,0.012,0.104,0.326,0.033,0.097,0.251,0.025,0.009,,,,0.237,0.719,1.186,1.03,0.241,0.253,0.494,0.407,0.363,0.77,0.817,0.205,0.697,0.375,0.598,1.269,2.248,0.28,,0.622
Yams    Cooked,116,1.49,0.14,27.6,0.029,0.005,0.06,0,8,3.9,0,0,,12.1,0.095,0.028,0.552,0.228,16,0,670,14,49,18,0.52,0.2,0.311,0.152,0.371,0.66,70.13,487,,,,,0.027,,0.003,0.005,0.05,0.009,,,,0.033,0.05,0.094,0.058,0.02,0.018,0.038,0.069,0.039,0.108,0.052,0.012,0.06,0.124,0.061,0.151,0.176,0.052,,0.079
Yeast   Dry Active 1T=8gm,250,37.5,1.25,37.5,,,,,,,,,,,2.375,5.375,36.25,,,,,50,,,16.25,,,,,,,,,,,,,,,,,,,,,,,,,,,,,,,,,,,,,,,,
